CSV_FOLDER: demoData
R: 3
W: 3
S: 3
GAUSSIAN_BANDS: [-1.0, -0.992402100078635, -0.817629351222089, 0.0, 0.817629351222089, 0.992402100078635, 1.0]
